0.0000E+000,-6.3831E+001
5.0000E+001,-6.3326E+001
1.0000E+002,-6.1965E+001
1.5000E+002,-5.8914E+001
2.0000E+002,-5.7823E+001
2.5000E+002,-5.7340E+001
3.0000E+002,-5.7657E+001
3.5000E+002,-5.7700E+001
4.0000E+002,-5.7605E+001
4.5000E+002,-5.8472E+001
5.0000E+002,-5.8579E+001
5.5000E+002,-5.9292E+001
6.0000E+002,-6.0041E+001
6.5000E+002,-6.0553E+001
7.0000E+002,-6.1669E+001
7.5000E+002,-6.2238E+001
8.0000E+002,-6.2173E+001
8.5000E+002,-6.2034E+001
9.0000E+002,-6.2331E+001
9.5000E+002,-6.3363E+001
1.0000E+003,-6.3787E+001
1.0500E+003,-6.4163E+001
1.1000E+003,-6.4243E+001
1.1500E+003,-6.3949E+001
1.2000E+003,-6.4786E+001
1.2500E+003,-6.5667E+001
1.3000E+003,-6.6003E+001
1.3500E+003,-6.6184E+001
1.4000E+003,-6.6537E+001
1.4500E+003,-6.6407E+001
1.5000E+003,-6.6567E+001
1.5500E+003,-6.6757E+001
1.6000E+003,-6.6866E+001
1.6500E+003,-6.6634E+001
1.7000E+003,-6.6569E+001
1.7500E+003,-6.6841E+001
1.8000E+003,-6.6594E+001
1.8500E+003,-6.5979E+001
1.9000E+003,-6.5605E+001
1.9500E+003,-6.5395E+001
2.0000E+003,-6.5169E+001
2.0500E+003,-6.4995E+001
2.1000E+003,-6.4454E+001
2.1500E+003,-6.4305E+001
2.2000E+003,-6.4298E+001
2.2500E+003,-6.3845E+001
2.3000E+003,-6.4140E+001
2.3500E+003,-6.4097E+001
2.4000E+003,-6.4175E+001
2.4500E+003,-6.4760E+001
2.5000E+003,-6.5173E+001
2.5500E+003,-6.5090E+001
2.6000E+003,-6.6007E+001
2.6500E+003,-6.6833E+001
2.7000E+003,-6.6811E+001
2.7500E+003,-6.7499E+001
2.8000E+003,-6.8296E+001
2.8500E+003,-6.8981E+001
2.9000E+003,-6.8810E+001
2.9500E+003,-6.8908E+001
3.0000E+003,-6.9041E+001
3.0500E+003,-6.8718E+001
3.1000E+003,-6.8860E+001
3.1500E+003,-6.8699E+001
3.2000E+003,-6.8915E+001
3.2500E+003,-6.9252E+001
3.3000E+003,-6.9016E+001
3.3500E+003,-6.9215E+001
3.4000E+003,-6.8954E+001
3.4500E+003,-6.8819E+001
3.5000E+003,-6.8823E+001
3.5500E+003,-6.8779E+001
3.6000E+003,-6.8334E+001
3.6500E+003,-6.8141E+001
3.7000E+003,-6.8145E+001
3.7500E+003,-6.7779E+001
3.8000E+003,-6.6636E+001
3.8500E+003,-6.6654E+001
3.9000E+003,-6.6178E+001
3.9500E+003,-6.6065E+001
4.0000E+003,-6.5859E+001
4.0500E+003,-6.5525E+001
4.1000E+003,-6.5127E+001
4.1500E+003,-6.5188E+001
4.2000E+003,-6.5623E+001
4.2500E+003,-6.5339E+001
4.3000E+003,-6.5541E+001
4.3500E+003,-6.5585E+001
4.4000E+003,-6.6003E+001
4.4500E+003,-6.5384E+001
4.5000E+003,-6.4492E+001
4.5500E+003,-6.4338E+001
4.6000E+003,-6.4557E+001
4.6500E+003,-6.4066E+001
4.7000E+003,-6.4384E+001
4.7500E+003,-6.4755E+001
4.8000E+003,-6.4406E+001
4.8500E+003,-6.4743E+001
4.9000E+003,-6.4754E+001
4.9500E+003,-6.4816E+001
5.0000E+003,-6.4349E+001
5.0500E+003,-6.4206E+001
5.1000E+003,-6.4586E+001
5.1500E+003,-6.4894E+001
5.2000E+003,-6.4569E+001
5.2500E+003,-6.4585E+001
5.3000E+003,-6.4657E+001
5.3500E+003,-6.4431E+001
5.4000E+003,-6.4274E+001
5.4500E+003,-6.4567E+001
5.5000E+003,-6.4334E+001
5.5500E+003,-6.3843E+001
5.6000E+003,-6.3794E+001
5.6500E+003,-6.3751E+001
5.7000E+003,-6.4015E+001
5.7500E+003,-6.3834E+001
5.8000E+003,-6.4057E+001
5.8500E+003,-6.4004E+001
5.9000E+003,-6.3864E+001
5.9500E+003,-6.3799E+001
6.0000E+003,-6.3415E+001
6.0500E+003,-6.3194E+001
6.1000E+003,-6.3509E+001
6.1500E+003,-6.3139E+001
6.2000E+003,-6.2973E+001
6.2500E+003,-6.2904E+001
6.3000E+003,-6.2863E+001
6.3500E+003,-6.2817E+001
6.4000E+003,-6.2509E+001
6.4500E+003,-6.2746E+001
6.5000E+003,-6.2866E+001
6.5500E+003,-6.2951E+001
6.6000E+003,-6.2923E+001
6.6500E+003,-6.2133E+001
6.7000E+003,-6.2153E+001
6.7500E+003,-6.2323E+001
6.8000E+003,-6.2499E+001
6.8500E+003,-6.2267E+001
6.9000E+003,-6.2687E+001
6.9500E+003,-6.2962E+001
7.0000E+003,-6.2925E+001
7.0500E+003,-6.2563E+001
7.1000E+003,-6.2105E+001
7.1500E+003,-6.2415E+001
7.2000E+003,-6.3192E+001
7.2500E+003,-6.3713E+001
7.3000E+003,-6.3028E+001
7.3500E+003,-6.2434E+001
7.4000E+003,-6.2654E+001
7.4500E+003,-6.3197E+001
7.5000E+003,-6.3199E+001
7.5500E+003,-6.3847E+001
7.6000E+003,-6.4466E+001
7.6500E+003,-6.3798E+001
7.7000E+003,-6.3844E+001
7.7500E+003,-6.3917E+001
7.8000E+003,-6.4141E+001
7.8500E+003,-6.4834E+001
7.9000E+003,-6.4913E+001
7.9500E+003,-6.5108E+001
8.0000E+003,-6.5354E+001
8.0500E+003,-6.4697E+001
8.1000E+003,-6.4758E+001
8.1500E+003,-6.5523E+001
8.2000E+003,-6.5928E+001
8.2500E+003,-6.6188E+001
8.3000E+003,-6.6498E+001
8.3500E+003,-6.6028E+001
8.4000E+003,-6.6254E+001
8.4500E+003,-6.6473E+001
8.5000E+003,-6.6365E+001
8.5500E+003,-6.6982E+001
8.6000E+003,-6.7383E+001
8.6500E+003,-6.7872E+001
8.7000E+003,-6.8282E+001
8.7500E+003,-6.8067E+001
8.8000E+003,-6.8481E+001
8.8500E+003,-6.8943E+001
8.9000E+003,-6.8616E+001
8.9500E+003,-6.8829E+001
9.0000E+003,-6.8861E+001
9.0500E+003,-6.9574E+001
9.1000E+003,-6.9459E+001
9.1500E+003,-6.9539E+001
9.2000E+003,-7.0359E+001
9.2500E+003,-7.0287E+001
9.3000E+003,-6.9764E+001
9.3500E+003,-7.0428E+001
9.4000E+003,-7.0875E+001
9.4500E+003,-7.0653E+001
9.5000E+003,-7.0450E+001
9.5500E+003,-7.0859E+001
9.6000E+003,-7.0859E+001
9.6500E+003,-7.0658E+001
9.7000E+003,-7.0777E+001
9.7500E+003,-7.0341E+001
9.8000E+003,-7.0657E+001
9.8500E+003,-7.1433E+001
9.9000E+003,-7.0987E+001
9.9500E+003,-7.1205E+001
1.0000E+004,-7.1139E+001
1.0050E+004,-7.1603E+001
1.0100E+004,-7.1656E+001
1.0150E+004,-7.0729E+001
1.0200E+004,-7.0888E+001
1.0250E+004,-7.1075E+001
1.0300E+004,-7.0174E+001
1.0350E+004,-7.0119E+001
1.0400E+004,-7.0049E+001
1.0450E+004,-6.9905E+001
1.0500E+004,-7.0571E+001
1.0550E+004,-7.0435E+001
1.0600E+004,-7.0510E+001
1.0650E+004,-7.0034E+001
1.0700E+004,-6.9487E+001
1.0750E+004,-6.9591E+001
1.0800E+004,-6.9627E+001
1.0850E+004,-6.9736E+001
1.0900E+004,-6.9149E+001
1.0950E+004,-6.8749E+001
1.1000E+004,-6.8826E+001
1.1050E+004,-6.8792E+001
1.1100E+004,-6.8908E+001
1.1150E+004,-6.8334E+001
1.1200E+004,-6.8775E+001
1.1250E+004,-6.8927E+001
1.1300E+004,-6.8500E+001
1.1350E+004,-6.8365E+001
1.1400E+004,-6.8495E+001
1.1450E+004,-6.8690E+001
1.1500E+004,-6.8586E+001
1.1550E+004,-6.8599E+001
1.1600E+004,-6.8528E+001
1.1650E+004,-6.8151E+001
1.1700E+004,-6.8205E+001
1.1750E+004,-6.7908E+001
1.1800E+004,-6.8056E+001
1.1850E+004,-6.8351E+001
1.1900E+004,-6.8322E+001
1.1950E+004,-6.8183E+001
1.2000E+004,-6.8059E+001
1.2050E+004,-6.8303E+001
1.2100E+004,-6.7923E+001
1.2150E+004,-6.7931E+001
1.2200E+004,-6.8444E+001
1.2250E+004,-6.8516E+001
1.2300E+004,-6.8262E+001
1.2350E+004,-6.8697E+001
1.2400E+004,-6.8375E+001
1.2450E+004,-6.8429E+001
1.2500E+004,-6.8720E+001
1.2550E+004,-6.8258E+001
1.2600E+004,-6.8836E+001
1.2650E+004,-6.9101E+001
1.2700E+004,-6.8986E+001
1.2750E+004,-6.9195E+001
1.2800E+004,-6.9392E+001
1.2850E+004,-6.9046E+001
1.2900E+004,-6.9377E+001
1.2950E+004,-6.9462E+001
1.3000E+004,-6.9417E+001
1.3050E+004,-6.9943E+001
1.3100E+004,-7.0148E+001
1.3150E+004,-7.0329E+001
1.3200E+004,-7.0679E+001
1.3250E+004,-7.0933E+001
1.3300E+004,-7.1191E+001
1.3350E+004,-7.0753E+001
1.3400E+004,-7.1272E+001
1.3450E+004,-7.1071E+001
1.3500E+004,-7.0705E+001
1.3550E+004,-7.1071E+001
1.3600E+004,-7.1356E+001
1.3650E+004,-7.1322E+001
1.3700E+004,-7.1129E+001
1.3750E+004,-7.1520E+001
1.3800E+004,-7.1797E+001
1.3850E+004,-7.1315E+001
1.3900E+004,-7.1552E+001
1.3950E+004,-7.1442E+001
1.4000E+004,-7.1132E+001
1.4050E+004,-7.0980E+001
1.4100E+004,-7.1099E+001
1.4150E+004,-7.0281E+001
1.4200E+004,-7.0600E+001
1.4250E+004,-7.0877E+001
1.4300E+004,-7.0253E+001
1.4350E+004,-7.0313E+001
1.4400E+004,-7.0207E+001
1.4450E+004,-7.0294E+001
1.4500E+004,-6.9807E+001
1.4550E+004,-6.9353E+001
1.4600E+004,-6.9838E+001
1.4650E+004,-6.9941E+001
1.4700E+004,-6.9160E+001
1.4750E+004,-6.9658E+001
1.4800E+004,-6.9527E+001
1.4850E+004,-6.9325E+001
1.4900E+004,-6.9414E+001
1.4950E+004,-6.9348E+001
1.5000E+004,-6.9440E+001
1.5050E+004,-6.8735E+001
1.5100E+004,-6.8642E+001
1.5150E+004,-6.8825E+001
1.5200E+004,-6.9079E+001
1.5250E+004,-6.8728E+001
1.5300E+004,-6.8833E+001
1.5350E+004,-6.8531E+001
1.5400E+004,-6.8930E+001
1.5450E+004,-6.8739E+001
1.5500E+004,-6.8296E+001
1.5550E+004,-6.8154E+001
1.5600E+004,-6.8132E+001
1.5650E+004,-6.7731E+001
1.5700E+004,-6.7936E+001
1.5750E+004,-6.7913E+001
1.5800E+004,-6.7728E+001
1.5850E+004,-6.7612E+001
1.5900E+004,-6.8142E+001
1.5950E+004,-6.8123E+001
1.6000E+004,-6.8018E+001
1.6050E+004,-6.7773E+001
1.6100E+004,-6.7171E+001
1.6150E+004,-6.6727E+001
1.6200E+004,-6.6635E+001
1.6250E+004,-6.6679E+001
1.6300E+004,-6.6745E+001
1.6350E+004,-6.6757E+001
1.6400E+004,-6.7045E+001
1.6450E+004,-6.7112E+001
1.6500E+004,-6.7066E+001
1.6550E+004,-6.6910E+001
1.6600E+004,-6.6846E+001
1.6650E+004,-6.6444E+001
1.6700E+004,-6.6293E+001
1.6750E+004,-6.6520E+001
1.6800E+004,-6.6513E+001
1.6850E+004,-6.5931E+001
1.6900E+004,-6.5851E+001
1.6950E+004,-6.6014E+001
1.7000E+004,-6.5276E+001
1.7050E+004,-6.5034E+001
1.7100E+004,-6.5406E+001
1.7150E+004,-6.5484E+001
1.7200E+004,-6.5303E+001
1.7250E+004,-6.4860E+001
1.7300E+004,-6.4945E+001
1.7350E+004,-6.5003E+001
1.7400E+004,-6.4948E+001
1.7450E+004,-6.4713E+001
1.7500E+004,-6.4250E+001
1.7550E+004,-6.3806E+001
1.7600E+004,-6.4123E+001
1.7650E+004,-6.4599E+001
1.7700E+004,-6.4372E+001
1.7750E+004,-6.3515E+001
1.7800E+004,-6.3610E+001
1.7850E+004,-6.4291E+001
1.7900E+004,-6.4556E+001
1.7950E+004,-6.4065E+001
1.8000E+004,-6.3782E+001
1.8050E+004,-6.3853E+001
1.8100E+004,-6.3381E+001
1.8150E+004,-6.3354E+001
1.8200E+004,-6.3419E+001
1.8250E+004,-6.3547E+001
1.8300E+004,-6.3185E+001
1.8350E+004,-6.3190E+001
1.8400E+004,-6.3378E+001
1.8450E+004,-6.3287E+001
1.8500E+004,-6.3430E+001
1.8550E+004,-6.3444E+001
1.8600E+004,-6.3228E+001
1.8650E+004,-6.3014E+001
1.8700E+004,-6.2928E+001
1.8750E+004,-6.3333E+001
1.8800E+004,-6.3614E+001
1.8850E+004,-6.3467E+001
1.8900E+004,-6.3929E+001
1.8950E+004,-6.3744E+001
1.9000E+004,-6.3841E+001
1.9050E+004,-6.4481E+001
1.9100E+004,-6.4312E+001
1.9150E+004,-6.4169E+001
1.9200E+004,-6.4214E+001
1.9250E+004,-6.4475E+001
1.9300E+004,-6.3977E+001
1.9350E+004,-6.3588E+001
1.9400E+004,-6.3924E+001
1.9450E+004,-6.4369E+001
1.9500E+004,-6.3942E+001
1.9550E+004,-6.3831E+001
1.9600E+004,-6.4308E+001
1.9650E+004,-6.4159E+001
1.9700E+004,-6.4214E+001
1.9750E+004,-6.4303E+001
1.9800E+004,-6.4076E+001
1.9850E+004,-6.4317E+001
1.9900E+004,-6.4587E+001
1.9950E+004,-6.4850E+001
2.0000E+004,-6.4395E+001